nl0	Totlatency	TotArea	TotPower	TotEnergyVSS
0	1.88e-08	2.942e-12	0.0004843	9.105e-12
1	1.88e-08	2.942e-12	0.000488	9.174e-12
2	1.88e-08	2.942e-12	0.0004905	9.222e-12
3	1.88e-08	2.942e-12	0.0004934	9.275e-12
4	1.88e-08	2.942e-12	0.0004965	9.334e-12
5	1.88e-08	2.942e-12	0.0005038	9.472e-12
6	1.88e-08	2.942e-12	0.0005071	9.533e-12
7	1.88e-08	2.942e-12	0.0005077	9.544e-12
8	1.88e-08	2.942e-12	0.0005138	9.659e-12
9	1.88e-08	2.942e-12	0.0005173	9.725e-12
10	1.88e-08	2.942e-12	0.0005218	9.809e-12
11	1.88e-08	2.942e-12	0.0005246	9.862e-12
12	1.88e-08	2.942e-12	0.0005287	9.94e-12
13	1.88e-08	2.942e-12	0.0005323	1.001e-11
14	1.88e-08	2.942e-12	0.0005342	1.004e-11
15	1.88e-08	2.942e-12	0.0005389	1.013e-11
16	1.88e-08	2.942e-12	0.0005409	1.017e-11
17	1.88e-08	2.942e-12	0.0005431	1.021e-11
18	1.88e-08	2.942e-12	0.0005459	1.026e-11
19	1.88e-08	2.942e-12	0.0005472	1.029e-11
20	1.88e-08	2.942e-12	0.000549	1.032e-11
21	1.88e-08	2.942e-12	0.0005514	1.037e-11
22	1.88e-08	2.942e-12	0.0005526	1.039e-11
23	1.88e-08	2.942e-12	0.0005546	1.043e-11
24	1.88e-08	2.942e-12	0.0005565	1.046e-11
25	1.88e-08	2.942e-12	0.0005518	1.037e-11
26	1.88e-08	2.942e-12	0.000553	1.04e-11
27	1.88e-08	2.942e-12	0.0005551	1.044e-11
28	1.88e-08	2.942e-12	0.000556	1.045e-11
29	1.88e-08	2.942e-12	0.0005565	1.046e-11
30	1.88e-08	2.942e-12	0.000556	1.045e-11
31	1.88e-08	2.942e-12	0.0005543	1.042e-11
32	1.88e-08	2.942e-12	0.0005552	1.044e-11
33	1.88e-08	2.942e-12	0.0005547	1.043e-11
34	1.88e-08	2.942e-12	0.000554	1.041e-11
35	1.88e-08	2.942e-12	0.0005499	1.034e-11
36	1.88e-08	2.942e-12	0.0005435	1.022e-11
37	1.88e-08	2.942e-12	0.0005264	9.896e-12
38	1.88e-08	2.942e-12	0.0005219	9.812e-12
39	1.88e-08	2.942e-12	0.0005193	9.763e-12
40	1.88e-08	2.942e-12	0.0005178	9.735e-12
41	1.88e-08	2.942e-12	0.0005171	9.721e-12
42	1.88e-08	2.942e-12	0.0005167	9.714e-12
43	1.88e-08	2.942e-12	0.0005164	9.709e-12
44	1.88e-08	2.942e-12	0.0005164	9.709e-12
45	1.88e-08	2.942e-12	0.0005167	9.715e-12
46	1.88e-08	2.942e-12	0.0005168	9.715e-12
47	1.88e-08	2.942e-12	0.0005171	9.721e-12
48	1.88e-08	2.942e-12	0.000518	9.739e-12
49	1.88e-08	2.942e-12	0.0005181	9.741e-12
50	1.88e-08	2.942e-12	0.0005185	9.748e-12
51	1.88e-08	2.942e-12	0.0005186	9.749e-12
52	1.88e-08	2.942e-12	0.0005193	9.763e-12
53	1.88e-08	2.942e-12	0.0005196	9.768e-12
54	1.88e-08	2.942e-12	0.0005202	9.781e-12
55	1.88e-08	2.942e-12	0.0005207	9.79e-12
56	1.88e-08	2.942e-12	0.0005212	9.798e-12
57	1.88e-08	2.942e-12	0.0005218	9.809e-12
58	1.88e-08	2.942e-12	0.0005219	9.812e-12
59	1.88e-08	2.942e-12	0.0005224	9.822e-12
60	1.88e-08	2.942e-12	0.0005229	9.83e-12
61	1.88e-08	2.942e-12	0.0005233	9.837e-12
62	1.88e-08	2.942e-12	0.0005238	9.847e-12
63	1.88e-08	2.942e-12	0.0005242	9.856e-12
64	1.88e-08	2.942e-12	0.0005245	9.861e-12
